9.997746213102072232e-01 -2.094569472037122182e-02
9.991608335953245934e-01 -1.324567395212472576e-02
9.979340422291522739e-01 2.703385134463145434e-01
9.960958139958732138e-01 2.133666058057492876e-01
9.936484957230862225e-01 2.512061579952362678e-01
9.905952102879086452e-01 2.283911307152175496e-01
9.869398513320124522e-01 2.257391688583947342e-01
9.826870767188496947e-01 2.126077438029145839e-01
9.778423007731436023e-01 2.046121074160707209e-01
9.724116853486211021e-01 1.947967186567627351e-01
9.664021297748081052e-01 1.867537083869086345e-01
9.598212597374261579e-01 1.786976844047600821e-01
9.526774151494535881e-01 1.715226098312285785e-01
9.449796370712364446e-01 1.647155866322860263e-01
9.367376537381726376e-01 1.584931178555288867e-01
9.279618657534945969e-01 1.526834402981904759e-01
9.186633305016476125e-01 1.473238773185485684e-01
9.088537458348022735e-01 1.423413037833931583e-01
8.985454330813174018e-01 1.377254512446501877e-01
8.877513194206396729e-01 1.334344612671927166e-01
8.764849196643857976e-01 1.294465361840764217e-01
8.647603174783868862e-01 1.257312752587420590e-01
8.525921460754986025e-01 1.222653930316353055e-01
8.399955684041813253e-01 1.190238455098917569e-01
8.269862568534254166e-01 1.159847179176738408e-01
8.135803724907171297e-01 1.131264651964416501e-01
7.997945438465524637e-01 1.104295002156723271e-01
7.856458452566503770e-01 1.078753801031515636e-01
7.711517747715763704e-01 1.054473935662185724e-01
7.563302316430335903e-01 1.031303922463884248e-01
7.411994933966330468e-01 1.009110851647347928e-01
7.257781925025108549e-01 9.877809846407714645e-02
7.100852926576581847e-01 9.672219470717813294e-02
6.941400646972086808e-01 9.473642351433220199e-02
6.779620621560360494e-01 9.281633220856644328e-02
6.615710965067421734e-01 9.096016155259167846e-02
6.449872121052595553e-01 8.916906968291993252e-02
6.282306608806786929e-01 8.744736077674719610e-02
6.113218768113268808e-01 8.580273501067559039e-02
5.942814502343614080e-01 8.424655543806736091e-02
5.771301020409859150e-01 8.279414228083226135e-02
5.598886578136412773e-01 8.146510116566929582e-02
5.425780219649920522e-01 8.028369657161249506e-02
5.252191519410289722e-01 7.927929859095694809e-02
5.078330325520250543e-01 7.848689651034579384e-02
4.904406504952805168e-01 7.794777746011583019e-02
4.730629691325221042e-01 7.771040448647692500e-02
4.557209035824288934e-01 7.783164620957450097e-02
4.384352961850644936e-01 7.837854474563599183e-02
4.212268923900470141e-01 7.943099840556122615e-02
4.041163171141721744e-01 8.108609378435893689e-02
3.871240516070626470e-01 8.346533846314319049e-02
3.702704108554056295e-01 8.672965684386113594e-02
3.535755215476658053e-01 9.110198731062801869e-02
3.370593006120462531e-01 9.698664209523233382e-02
3.207414343311650873e-01 1.049496270221377259e-01
3.046780291179546074e-01 1.192962419965750698e-01
2.890234884923248426e-01 1.294545250439016471e-01
2.737558649774671782e-01 1.364731740852676012e-01
2.587531128968711958e-01 1.421197209175888432e-01
2.440310601988181227e-01 1.472329143201225321e-01
2.296052663662983273e-01 1.521131654368623742e-01
2.154910279897884751e-01 1.571058982096555923e-01
2.017033837313097488e-01 1.624186493966348621e-01
1.882571182855290182e-01 1.682938941433320679e-01
1.751667649649492897e-01 1.749370658661710820e-01
1.624466065671145709e-01 1.825775232237800694e-01
1.501106742215305712e-01 1.914463436069597790e-01
1.381727439617257969e-01 2.018011537838129144e-01
1.266463308223851891e-01 2.139230968482870310e-01
1.155446803214305040e-01 2.281310292806084661e-01
1.048807572508090313e-01 2.447871573826416736e-01
9.466723176599500800e-02 2.643099545996605571e-01
8.491646283115861227e-02 2.871854501877288968e-01
7.564047914296001540e-02 3.139823752502817200e-01
6.685095771935123388e-02 3.453673995474417779e-01
5.855920039906548080e-02 3.821211503653829666e-01
5.077610855119935040e-02 4.251495084256395884e-01
4.351215634114860564e-02 4.754844950610497278e-01
3.677736293802319478e-02 5.342548686538801661e-01
3.058126407861802565e-02 6.025925252876804805e-01
2.493288342334962215e-02 6.814338182207588801e-01
1.984070414981675690e-02 7.709464478044676383e-01
1.531264122957409768e-02 8.699123419720926620e-01
1.135601482333989387e-02 9.729974924770870004e-01
7.977525209448499410e-03 1.070456452040304818e+00
5.183229630395275178e-03 1.139261900445886155e+00
2.978521403517425670e-03 1.157770336691371860e+00
1.368111595124288371e-03 1.095186461435631919e+00
3.560135038300771271e-04 9.167731724885852529e-01
-5.142701337795818617e-05 6.225696286845341376e-01
1.544497654157317434e-04 2.434136478945321258e-01
9.785057824338305732e-04 -1.541914503427248562e-01
2.421788314682898902e-03 -5.154367202619249966e-01
4.484563913662309442e-03 -8.101704371352616008e-01
7.166308303653251555e-03 -1.034240790053249981e+00
1.046569526552482143e-02 -1.197035377138792711e+00
1.438058474302555956e-02 -1.311803719029029480e+00
1.890801045991416518e-02 -1.390821228827583411e+00
2.404416738085099481e-02 -1.443921918772663737e+00
2.978439938562887912e-02 -1.478479377103531611e+00
3.612318755415724891e-02 -1.499832306276027261e+00
4.305413947791669749e-02 -1.511760753362258569e+00
5.056998002188750618e-02 -1.516895142796129470e+00
5.866254395896591811e-02 -1.517035312712017081e+00
6.732277088660765241e-02 -1.513390269503199548e+00
7.654070281310759727e-02 -1.506753188669383903e+00
8.630548476901045429e-02 -1.497628070212284612e+00
9.660536875835623594e-02 -1.486319959521010148e+00
1.074277213157194821e-01 -1.472999414762588444e+00
1.187590348794286821e-01 -1.457747644440887669e+00
1.305849431302514851e-01 -1.440588698374502208e+00
1.428902403796451503e-01 -1.421510410936451585e+00
1.556589050239576277e-01 -1.400480420133712656e+00
1.688741270123519100e-01 -1.377452432365005919e+00
1.825183392083721545e-01 -1.352374686869302955e+00
1.965732524596245367e-01 -1.325182309879834541e+00
2.110198941286015595e-01 -1.295804993204827227e+00
2.258386497817258254e-01 -1.264134006399987520e+00
2.410093076845793714e-01 -1.230036423592500761e+00
2.565111057101833181e-01 -1.193243568382821529e+00
2.723227802350486892e-01 -1.153360422887668157e+00
2.884226165752363791e-01 -1.109159202470862304e+00
3.046503526361893366e-01 -1.057912048263397686e+00
3.209451972980444934e-01 -1.000839940185528576e+00
3.374221305376455815e-01 -9.541632997906281943e-01
3.540973033563609151e-01 -9.130552159671188051e-01
3.709499634362608544e-01 -8.752280060441597342e-01
3.879591551842237473e-01 -8.396807987942294105e-01
4.051037486434828638e-01 -8.058876280520088642e-01
4.223624682964549626e-01 -7.735310073622727600e-01
4.397139217010759826e-01 -7.424003004177697207e-01
4.571366279116816922e-01 -7.123460787188813370e-01
4.746090456441646177e-01 -6.832566979421512698e-01
4.921096011534689119e-01 -6.550450409463577373e-01
5.096167157992252950e-01 -6.276404715387471356e-01
5.271088332822839728e-01 -6.009836980933460637e-01
5.445644465408971957e-01 -5.750233720185837782e-01
5.619621243002179689e-01 -5.497137753057899090e-01
5.792805372725119417e-01 -5.250132208011191182e-01
5.964984840079833317e-01 -5.008829353448014388e-01
6.135949163973866138e-01 -4.772862791385383829e-01
6.305489648276547676e-01 -4.541882051626213723e-01
6.473399629907137243e-01 -4.315548921774023938e-01
6.639474723435658809e-01 -4.093535063441517963e-01
6.803513062147543700e-01 -3.875520560998557684e-01
6.965315535486473753e-01 -3.661193191302025696e-01
7.124686022747805936e-01 -3.450248164073226320e-01
7.281431622849732221e-01 -3.242388292444760012e-01
7.435362879963121063e-01 -3.037324287519247434e-01
7.586294004735687491e-01 -2.834775403860172460e-01
7.734043090803992548e-01 -2.634469782950557004e-01
7.878432326249593665e-01 -2.436145416139643416e-01
8.019288199625130842e-01 -2.239549918480463475e-01
8.156441700153815866e-01 -2.044442115504940816e-01
8.289728511692733282e-01 -1.850590003163876673e-01
8.418989200047464205e-01 -1.657774531594409240e-01
8.544069393233254539e-01 -1.465782373904671587e-01
8.664819954296356652e-01 -1.274417419383739869e-01
8.781097146338001647e-01 -1.083478023324584427e-01
8.892762789422101743e-01 -8.927944334262694071e-02
8.999684409095172199e-01 -7.021573937892622297e-02
9.101735376301922642e-01 -5.114416538138399915e-02
9.198795038540861224e-01 -3.203766534367158414e-02
9.290748842169377353e-01 -1.289577416594589465e-02
9.377488445835101549e-01 6.331089142587842389e-03
9.458911825078104574e-01 2.560246429913703992e-02
9.534923368214303085e-01 4.504532031673758041e-02
9.605433963672679321e-01 6.447084559188986930e-02
9.670361079015398209e-01 8.428140484504975660e-02
9.729628831919099330e-01 1.037284682070813702e-01
9.783168053435924438e-01 1.242587277771685095e-01
9.830916343883078223e-01 1.428754928295896676e-01
9.872818121728885732e-01 1.653441142556273391e-01
9.908824665850982649e-01 1.784854915770850425e-01
9.938894151538029131e-01 2.083780496855176523e-01
9.962991680590485011e-01 1.852857223586417135e-01
9.981089305848964699e-01 2.475175589116149766e-01
9.993166050441353310e-01 1.699529017017198385e-03
9.999207921993407133e-01 -1.875570104515045244e-02
